% FILE: Data_Stagiaire.txt
%
%       t             Box            Boy         a_B1_N_Bx      a_B1_N_By        w_B_N           qC
%     (sec)           (m)            (m)          (m/s^2)        (m/s^2)        (rad/s)         (rad)

  0.000000E+00  -5.936337E-02  -3.709435E-02   1.983306E-01  -7.470452E-03   3.141593E-01   1.221730E-01 
  5.000000E-03  -5.902093E-02  -3.763681E-02   1.872528E-01   1.117098E-02   3.214707E-01   1.146380E-01 
  1.000000E-02  -5.867359E-02  -3.817604E-02   1.767204E-01   2.861656E-02   3.285354E-01   1.070501E-01 
  1.500000E-02  -5.832156E-02  -3.871170E-02   1.667435E-01   4.491516E-02   3.353405E-01   9.942057E-02 
  2.000000E-02  -5.796508E-02  -3.924346E-02   1.573276E-01   6.011615E-02   3.418749E-01   9.176057E-02 
  2.500000E-02  -5.760437E-02  -3.977105E-02   1.484741E-01   7.426915E-02   3.481288E-01   8.408104E-02 
  3.000000E-02  -5.723964E-02  -4.029422E-02   1.401804E-01   8.742388E-02   3.540942E-01   7.639277E-02 
  3.500000E-02  -5.687108E-02  -4.081275E-02   1.324398E-01   9.962991E-02   3.597647E-01   6.870640E-02 
  4.000000E-02  -5.649889E-02  -4.132645E-02   1.252420E-01   1.109366E-01   3.651351E-01   6.103235E-02 
  4.500000E-02  -5.612324E-02  -4.183517E-02   1.185736E-01   1.213927E-01   3.702020E-01   5.338082E-02 
  5.000000E-02  -5.574432E-02  -4.233877E-02   1.124177E-01   1.310466E-01   3.749633E-01   4.576179E-02 
  5.500000E-02  -5.536227E-02  -4.283713E-02   1.067547E-01   1.399457E-01   3.794180E-01   3.818497E-02 
  6.000000E-02  -5.497725E-02  -4.333016E-02   1.015628E-01   1.481368E-01   3.835668E-01   3.065981E-02 
  6.500000E-02  -5.458940E-02  -4.381778E-02   9.681785E-02   1.556656E-01   3.874112E-01   2.319547E-02 
  7.000000E-02  -5.419884E-02  -4.429995E-02   9.249403E-02   1.625766E-01   3.909541E-01   1.580081E-02 
  7.500000E-02  -5.380572E-02  -4.477661E-02   8.856413E-02   1.689131E-01   3.941990E-01   8.484385E-03 
  8.000000E-02  -5.341013E-02  -4.524775E-02   8.499991E-02   1.747173E-01   3.971506E-01   1.254422E-03 
  8.500000E-02  -5.301218E-02  -4.571334E-02   8.177240E-02   1.800296E-01   3.998143E-01  -5.881175E-03 
  9.000000E-02  -5.261197E-02  -4.617338E-02   7.885228E-02   1.848893E-01   4.021962E-01  -1.291484E-02 
  9.500000E-02  -5.220959E-02  -4.662788E-02   7.621015E-02   1.893338E-01   4.043030E-01  -1.983934E-02 
  1.000000E-01  -5.180512E-02  -4.707685E-02   7.381683E-02   1.933990E-01   4.061417E-01  -2.664781E-02 
  1.050000E-01  -5.139864E-02  -4.752030E-02   7.164360E-02   1.971190E-01   4.077199E-01  -3.333371E-02 
  1.100000E-01  -5.099023E-02  -4.795827E-02   6.966249E-02   2.005263E-01   4.090455E-01  -3.989087E-02 
  1.150000E-01  -5.057995E-02  -4.839079E-02   6.784641E-02   2.036514E-01   4.101264E-01  -4.631346E-02 
  1.200000E-01  -5.016786E-02  -4.881788E-02   6.616940E-02   2.065232E-01   4.109709E-01  -5.259599E-02 
  1.250000E-01  -4.975403E-02  -4.923959E-02   6.460672E-02   2.091687E-01   4.115872E-01  -5.873335E-02 
  1.300000E-01  -4.933850E-02  -4.965594E-02   6.313503E-02   2.116130E-01   4.119834E-01  -6.472074E-02 
  1.350000E-01  -4.892133E-02  -5.006699E-02   6.173245E-02   2.138795E-01   4.121678E-01  -7.055373E-02 
  1.400000E-01  -4.850257E-02  -5.047277E-02   6.037862E-02   2.159899E-01   4.121482E-01  -7.622819E-02 
  1.450000E-01  -4.808227E-02  -5.087332E-02   5.905480E-02   2.179638E-01   4.119326E-01  -8.174036E-02 
  1.500000E-01  -4.766048E-02  -5.126869E-02   5.774381E-02   2.198195E-01   4.115285E-01  -8.708677E-02 
  1.550000E-01  -4.723724E-02  -5.165891E-02   5.643014E-02   2.215733E-01   4.109432E-01  -9.226428E-02 
  1.600000E-01  -4.681260E-02  -5.204403E-02   5.509984E-02   2.232402E-01   4.101838E-01  -9.727007E-02 
  1.650000E-01  -4.638660E-02  -5.242407E-02   5.374054E-02   2.248335E-01   4.092568E-01  -1.021016E-01 
  1.700000E-01  -4.595929E-02  -5.279908E-02   5.234141E-02   2.263649E-01   4.081689E-01  -1.067566E-01 
  1.750000E-01  -4.553072E-02  -5.316910E-02   5.089309E-02   2.278448E-01   4.069259E-01  -1.112332E-01 
  1.800000E-01  -4.510093E-02  -5.353416E-02   4.938763E-02   2.292823E-01   4.055335E-01  -1.155297E-01 
  1.850000E-01  -4.466997E-02  -5.389428E-02   4.781842E-02   2.306852E-01   4.039971E-01  -1.196446E-01 
  1.900000E-01  -4.423789E-02  -5.424951E-02   4.618014E-02   2.320601E-01   4.023216E-01  -1.235768E-01 
  1.950000E-01  -4.380474E-02  -5.459986E-02   4.446863E-02   2.334123E-01   4.005117E-01  -1.273254E-01 
  2.000000E-01  -4.337057E-02  -5.494537E-02   4.268087E-02   2.347465E-01   3.985717E-01  -1.308897E-01 
  2.050000E-01  -4.293542E-02  -5.528607E-02   4.081485E-02   2.360659E-01   3.965055E-01  -1.342693E-01 
  2.100000E-01  -4.249936E-02  -5.562198E-02   3.886951E-02   2.373733E-01   3.943168E-01  -1.374640E-01 
  2.150000E-01  -4.206244E-02  -5.595311E-02   3.684465E-02   2.386703E-01   3.920088E-01  -1.404737E-01 
  2.200000E-01  -4.162472E-02  -5.627950E-02   3.474089E-02   2.399580E-01   3.895848E-01  -1.432987E-01 
  2.250000E-01  -4.118626E-02  -5.660117E-02   3.255952E-02   2.412366E-01   3.870475E-01  -1.459393E-01 
  2.300000E-01  -4.074711E-02  -5.691813E-02   3.030252E-02   2.425060E-01   3.843995E-01  -1.483961E-01 
  2.350000E-01  -4.030733E-02  -5.723040E-02   2.797239E-02   2.437652E-01   3.816432E-01  -1.506699E-01 
  2.400000E-01  -3.986700E-02  -5.753801E-02   2.557219E-02   2.450130E-01   3.787806E-01  -1.527617E-01 
  2.450000E-01  -3.942617E-02  -5.784097E-02   2.310539E-02   2.462476E-01   3.758138E-01  -1.546724E-01 
  2.500000E-01  -3.898491E-02  -5.813929E-02   2.057589E-02   2.474668E-01   3.727447E-01  -1.564034E-01 
  2.550000E-01  -3.854328E-02  -5.843300E-02   1.798789E-02   2.486683E-01   3.695748E-01  -1.579562E-01 
  2.600000E-01  -3.810136E-02  -5.872211E-02   1.534590E-02   2.498491E-01   3.663058E-01  -1.593321E-01 
  2.650000E-01  -3.765922E-02  -5.900664E-02   1.265470E-02   2.510065E-01   3.629392E-01  -1.605329E-01 
  2.700000E-01  -3.721692E-02  -5.928660E-02   9.919233E-03   2.521371E-01   3.594763E-01  -1.615605E-01 
  2.750000E-01  -3.677454E-02  -5.956201E-02   7.144649E-03   2.532378E-01   3.559185E-01  -1.624168E-01 
  2.800000E-01  -3.633214E-02  -5.983290E-02   4.336219E-03   2.543050E-01   3.522671E-01  -1.631037E-01 
  2.850000E-01  -3.588980E-02  -6.009927E-02   1.499323E-03   2.553352E-01   3.485234E-01  -1.636236E-01 
  2.900000E-01  -3.544760E-02  -6.036115E-02  -1.360576E-03   2.563248E-01   3.446886E-01  -1.639787E-01 
  2.950000E-01  -3.500560E-02  -6.061855E-02  -4.237962E-03   2.572704E-01   3.407640E-01  -1.641714E-01 
  3.000000E-01  -3.456387E-02  -6.087149E-02  -7.127288E-03   2.581682E-01   3.367509E-01  -1.642041E-01 
  3.050000E-01  -3.412250E-02  -6.112000E-02  -1.002299E-02   2.590148E-01   3.326507E-01  -1.640795E-01 
  3.100000E-01  -3.368156E-02  -6.136410E-02  -1.291951E-02   2.598067E-01   3.284646E-01  -1.638002E-01 
  3.150000E-01  -3.324112E-02  -6.160380E-02  -1.581131E-02   2.605404E-01   3.241940E-01  -1.633689E-01 
  3.200000E-01  -3.280125E-02  -6.183913E-02  -1.869290E-02   2.612127E-01   3.198404E-01  -1.627886E-01 
  3.250000E-01  -3.236202E-02  -6.207012E-02  -2.155881E-02   2.618203E-01   3.154054E-01  -1.620620E-01 
  3.300000E-01  -3.192351E-02  -6.229679E-02  -2.440367E-02   2.623602E-01   3.108904E-01  -1.611923E-01 
  3.350000E-01  -3.148578E-02  -6.251916E-02  -2.722216E-02   2.628295E-01   3.062972E-01  -1.601824E-01 
  3.400000E-01  -3.104892E-02  -6.273727E-02  -3.000904E-02   2.632254E-01   3.016275E-01  -1.590354E-01 
  3.450000E-01  -3.061298E-02  -6.295114E-02  -3.275918E-02   2.635453E-01   2.968831E-01  -1.577546E-01 
  3.500000E-01  -3.017803E-02  -6.316080E-02  -3.546755E-02   2.637868E-01   2.920660E-01  -1.563432E-01 
  3.550000E-01  -2.974415E-02  -6.336628E-02  -3.812923E-02   2.639477E-01   2.871780E-01  -1.548044E-01 
  3.600000E-01  -2.931140E-02  -6.356762E-02  -4.073942E-02   2.640259E-01   2.822213E-01  -1.531416E-01 
  3.650000E-01  -2.887984E-02  -6.376484E-02  -4.329344E-02   2.640197E-01   2.771981E-01  -1.513581E-01 
  3.700000E-01  -2.844954E-02  -6.395799E-02  -4.578678E-02   2.639275E-01   2.721105E-01  -1.494575E-01 
  3.750000E-01  -2.802055E-02  -6.414709E-02  -4.821504E-02   2.637477E-01   2.669610E-01  -1.474432E-01 
  3.800000E-01  -2.759294E-02  -6.433218E-02  -5.057402E-02   2.634794E-01   2.617518E-01  -1.453186E-01 
  3.850000E-01  -2.716676E-02  -6.451331E-02  -5.285963E-02   2.631215E-01   2.564856E-01  -1.430874E-01 
  3.900000E-01  -2.674207E-02  -6.469051E-02  -5.506800E-02   2.626732E-01   2.511649E-01  -1.407531E-01 
  3.950000E-01  -2.631892E-02  -6.486382E-02  -5.719541E-02   2.621341E-01   2.457923E-01  -1.383193E-01 
  4.000000E-01  -2.589736E-02  -6.503327E-02  -5.923835E-02   2.615039E-01   2.403705E-01  -1.357896E-01 
  4.050000E-01  -2.547745E-02  -6.519892E-02  -6.119348E-02   2.607824E-01   2.349024E-01  -1.331677E-01 
  4.100000E-01  -2.505922E-02  -6.536081E-02  -6.305768E-02   2.599698E-01   2.293907E-01  -1.304573E-01 
  4.150000E-01  -2.464273E-02  -6.551897E-02  -6.482805E-02   2.590665E-01   2.238385E-01  -1.276620E-01 
  4.200000E-01  -2.422801E-02  -6.567346E-02  -6.650189E-02   2.580730E-01   2.182485E-01  -1.247856E-01 
  4.250000E-01  -2.381511E-02  -6.582432E-02  -6.807674E-02   2.569901E-01   2.126239E-01  -1.218317E-01 
  4.300000E-01  -2.340406E-02  -6.597159E-02  -6.955035E-02   2.558186E-01   2.069677E-01  -1.188041E-01 
  4.350000E-01  -2.299489E-02  -6.611532E-02  -7.092073E-02   2.545598E-01   2.012829E-01  -1.157065E-01 
  4.400000E-01  -2.258764E-02  -6.625555E-02  -7.218613E-02   2.532149E-01   1.955728E-01  -1.125427E-01 
  4.450000E-01  -2.218233E-02  -6.639235E-02  -7.334504E-02   2.517854E-01   1.898404E-01  -1.093163E-01 
  4.500000E-01  -2.177900E-02  -6.652575E-02  -7.439620E-02   2.502730E-01   1.840890E-01  -1.060312E-01 
  4.550000E-01  -2.137766E-02  -6.665580E-02  -7.533864E-02   2.486795E-01   1.783218E-01  -1.026909E-01 
  4.600000E-01  -2.097834E-02  -6.678255E-02  -7.617160E-02   2.470067E-01   1.725419E-01  -9.929928E-02 
  4.650000E-01  -2.058105E-02  -6.690606E-02  -7.689462E-02   2.452569E-01   1.667526E-01  -9.585997E-02 
  4.700000E-01  -2.018581E-02  -6.702636E-02  -7.750749E-02   2.434322E-01   1.609572E-01  -9.237669E-02 
  4.750000E-01  -1.979263E-02  -6.714352E-02  -7.801028E-02   2.415348E-01   1.551589E-01  -8.885308E-02 
  4.800000E-01  -1.940152E-02  -6.725757E-02  -7.840329E-02   2.395673E-01   1.493609E-01  -8.529282E-02 
  4.850000E-01  -1.901249E-02  -6.736858E-02  -7.868712E-02   2.375321E-01   1.435665E-01  -8.169952E-02 
  4.900000E-01  -1.862553E-02  -6.747658E-02  -7.886262E-02   2.354319E-01   1.377789E-01  -7.807680E-02 
  4.950000E-01  -1.824067E-02  -6.758164E-02  -7.893089E-02   2.332692E-01   1.320013E-01  -7.442823E-02 
  5.000000E-01  -1.785788E-02  -6.768380E-02  -7.889330E-02   2.310469E-01   1.262369E-01  -7.075736E-02 
  5.050000E-01  -1.747717E-02  -6.778310E-02  -7.875147E-02   2.287675E-01   1.204889E-01  -6.706771E-02 
  5.100000E-01  -1.709853E-02  -6.787960E-02  -7.850723E-02   2.264341E-01   1.147605E-01  -6.336277E-02 
  5.150000E-01  -1.672195E-02  -6.797335E-02  -7.816271E-02   2.240493E-01   1.090547E-01  -5.964597E-02 
  5.200000E-01  -1.634743E-02  -6.806439E-02  -7.772020E-02   2.216161E-01   1.033747E-01  -5.592074E-02 
  5.250000E-01  -1.597494E-02  -6.815278E-02  -7.718228E-02   2.191372E-01   9.772356E-02  -5.219044E-02 
  5.300000E-01  -1.560447E-02  -6.823856E-02  -7.655169E-02   2.166156E-01   9.210431E-02  -4.845839E-02 
  5.350000E-01  -1.523600E-02  -6.832177E-02  -7.583140E-02   2.140540E-01   8.651995E-02  -4.472787E-02 
  5.400000E-01  -1.486952E-02  -6.840247E-02  -7.502456E-02   2.114552E-01   8.097346E-02  -4.100211E-02 
  5.450000E-01  -1.450499E-02  -6.848069E-02  -7.413450E-02   2.088221E-01   7.546774E-02  -3.728430E-02 
  5.500000E-01  -1.414240E-02  -6.855649E-02  -7.316473E-02   2.061573E-01   7.000568E-02  -3.357756E-02 
  5.550000E-01  -1.378172E-02  -6.862991E-02  -7.211891E-02   2.034635E-01   6.459013E-02  -2.988497E-02 
  5.600000E-01  -1.342291E-02  -6.870099E-02  -7.100084E-02   2.007435E-01   5.922387E-02  -2.620956E-02 
  5.650000E-01  -1.306596E-02  -6.876977E-02  -6.981445E-02   1.979997E-01   5.390964E-02  -2.255428E-02 
  5.700000E-01  -1.271082E-02  -6.883629E-02  -6.856377E-02   1.952347E-01   4.865015E-02  -1.892205E-02 
  5.750000E-01  -1.235747E-02  -6.890060E-02  -6.725297E-02   1.924510E-01   4.344805E-02  -1.531571E-02 
  5.800000E-01  -1.200587E-02  -6.896274E-02  -6.588627E-02   1.896508E-01   3.830593E-02  -1.173804E-02 
  5.850000E-01  -1.165598E-02  -6.902274E-02  -6.446798E-02   1.868366E-01   3.322632E-02  -8.191765E-03 
  5.900000E-01  -1.130777E-02  -6.908064E-02  -6.300246E-02   1.840105E-01   2.821173E-02  -4.679538E-03 
  5.950000E-01  -1.096120E-02  -6.913647E-02  -6.149412E-02   1.811747E-01   2.326459E-02  -1.203949E-03 
  6.000000E-01  -1.061623E-02  -6.919029E-02  -5.994740E-02   1.783312E-01   1.838728E-02   2.232480E-03 
  6.050000E-01  -1.027281E-02  -6.924211E-02  -5.836674E-02   1.754820E-01   1.358211E-02   5.627296E-03 
  6.100000E-01  -9.930920E-03  -6.929197E-02  -5.675662E-02   1.726290E-01   8.851357E-03   8.978115E-03 
  6.150000E-01  -9.590504E-03  -6.933990E-02  -5.512146E-02   1.697739E-01   4.197218E-03   1.228262E-02 
  6.200000E-01  -9.251523E-03  -6.938594E-02  -5.346568E-02   1.669186E-01  -3.781600E-04   1.553858E-02 
  6.250000E-01  -8.913936E-03  -6.943012E-02  -5.179366E-02   1.640645E-01  -4.872696E-03   1.874382E-02 
  6.300000E-01  -8.577699E-03  -6.947246E-02  -5.010974E-02   1.612134E-01  -9.284371E-03   2.189623E-02 
  6.350000E-01  -8.242770E-03  -6.951300E-02  -4.841816E-02   1.583665E-01  -1.361123E-02   2.499381E-02 
  6.400000E-01  -7.909106E-03  -6.955175E-02  -4.672313E-02   1.555254E-01  -1.785137E-02   2.803461E-02 
  6.450000E-01  -7.576663E-03  -6.958875E-02  -4.502874E-02   1.526912E-01  -2.200299E-02   3.101674E-02 
  6.500000E-01  -7.245400E-03  -6.962402E-02  -4.333901E-02   1.498653E-01  -2.606431E-02   3.393842E-02 
  6.550000E-01  -6.915273E-03  -6.965758E-02  -4.165784E-02   1.470487E-01  -3.003364E-02   3.679793E-02 
  6.600000E-01  -6.586239E-03  -6.968946E-02  -3.998903E-02   1.442425E-01  -3.390937E-02   3.959361E-02 
  6.650000E-01  -6.258258E-03  -6.971968E-02  -3.833623E-02   1.414478E-01  -3.768995E-02   4.232390E-02 
  6.700000E-01  -5.931287E-03  -6.974826E-02  -3.670299E-02   1.386655E-01  -4.137389E-02   4.498732E-02 
  6.750000E-01  -5.605285E-03  -6.977522E-02  -3.509270E-02   1.358964E-01  -4.495978E-02   4.758244E-02 
  6.800000E-01  -5.280212E-03  -6.980057E-02  -3.350863E-02   1.331414E-01  -4.844630E-02   5.010793E-02 
  6.850000E-01  -4.956028E-03  -6.982434E-02  -3.195387E-02   1.304013E-01  -5.183219E-02   5.256254E-02 
  6.900000E-01  -4.632694E-03  -6.984653E-02  -3.043138E-02   1.276767E-01  -5.511625E-02   5.494506E-02 
  6.950000E-01  -4.310173E-03  -6.986718E-02  -2.894395E-02   1.249684E-01  -5.829739E-02   5.725441E-02 
  7.000000E-01  -3.988427E-03  -6.988628E-02  -2.749420E-02   1.222769E-01  -6.137458E-02   5.948955E-02 
  7.050000E-01  -3.667420E-03  -6.990386E-02  -2.608461E-02   1.196029E-01  -6.434686E-02   6.164952E-02 
  7.100000E-01  -3.347116E-03  -6.991993E-02  -2.471745E-02   1.169468E-01  -6.721337E-02   6.373346E-02 
  7.150000E-01  -3.027483E-03  -6.993450E-02  -2.339486E-02   1.143092E-01  -6.997331E-02   6.574055E-02 
  7.200000E-01  -2.708486E-03  -6.994758E-02  -2.211878E-02   1.116906E-01  -7.262598E-02   6.767007E-02 
  7.250000E-01  -2.390094E-03  -6.995918E-02  -2.089099E-02   1.090914E-01  -7.517076E-02   6.952138E-02 
  7.300000E-01  -2.072277E-03  -6.996932E-02  -1.971309E-02   1.065121E-01  -7.760710E-02   7.129388E-02 
  7.350000E-01  -1.755004E-03  -6.997800E-02  -1.858651E-02   1.039530E-01  -7.993454E-02   7.298708E-02 
  7.400000E-01  -1.438249E-03  -6.998522E-02  -1.751251E-02   1.014146E-01  -8.215270E-02   7.460055E-02 
  7.450000E-01  -1.121984E-03  -6.999101E-02  -1.649218E-02   9.889727E-02  -8.426131E-02   7.613393E-02 
  7.500000E-01  -8.061836E-04  -6.999536E-02  -1.552642E-02   9.640131E-02  -8.626014E-02   7.758694E-02 
  7.550000E-01  -4.908243E-04  -6.999828E-02  -1.461600E-02   9.392710E-02  -8.814908E-02   7.895935E-02 
  7.600000E-01  -1.758831E-04  -6.999978E-02  -1.376149E-02   9.147500E-02  -8.992810E-02   8.025102E-02 
  7.650000E-01   1.386614E-04  -6.999986E-02  -1.296332E-02   8.904533E-02  -9.159725E-02   8.146188E-02 
  7.700000E-01   4.528290E-04  -6.999854E-02  -1.222174E-02   8.663845E-02  -9.315666E-02   8.259191E-02 
  7.750000E-01   7.666385E-04  -6.999580E-02  -1.153687E-02   8.425467E-02  -9.460655E-02   8.364118E-02 
  7.800000E-01   1.080107E-03  -6.999167E-02  -1.090867E-02   8.189435E-02  -9.594724E-02   8.460981E-02 
  7.850000E-01   1.393250E-03  -6.998613E-02  -1.033694E-02   7.955782E-02  -9.717911E-02   8.549800E-02 
  7.900000E-01   1.706083E-03  -6.997921E-02  -9.821351E-03   7.724541E-02  -9.830264E-02   8.630600E-02 
  7.950000E-01   2.018618E-03  -6.997089E-02  -9.361431E-03   7.495747E-02  -9.931838E-02   8.703413E-02 
  8.000000E-01   2.330867E-03  -6.996118E-02  -8.956576E-03   7.269434E-02  -1.002270E-01   8.768278E-02 
  8.050000E-01   2.642840E-03  -6.995009E-02  -8.606055E-03   7.045639E-02  -1.010292E-01   8.825237E-02 
  8.100000E-01   2.954547E-03  -6.993762E-02  -8.309013E-03   6.824396E-02  -1.017257E-01   8.874343E-02 
  8.150000E-01   3.265996E-03  -6.992377E-02  -8.064479E-03   6.605743E-02  -1.023176E-01   8.915651E-02 
  8.200000E-01   3.577193E-03  -6.990854E-02  -7.871370E-03   6.389717E-02  -1.028056E-01   8.949222E-02 
  8.250000E-01   3.888143E-03  -6.989193E-02  -7.728497E-03   6.176356E-02  -1.031910E-01   8.975125E-02 
  8.300000E-01   4.198850E-03  -6.987396E-02  -7.634572E-03   5.965699E-02  -1.034747E-01   8.993433E-02 
  8.350000E-01   4.509318E-03  -6.985461E-02  -7.588213E-03   5.757786E-02  -1.036579E-01   9.004224E-02 
  8.400000E-01   4.819548E-03  -6.983389E-02  -7.587951E-03   5.552657E-02  -1.037420E-01   9.007581E-02 
  8.450000E-01   5.129542E-03  -6.981180E-02  -7.632233E-03   5.350354E-02  -1.037283E-01   9.003595E-02 
  8.500000E-01   5.439297E-03  -6.978835E-02  -7.719434E-03   5.150918E-02  -1.036181E-01   8.992357E-02 
  8.550000E-01   5.748814E-03  -6.976354E-02  -7.847857E-03   4.954392E-02  -1.034129E-01   8.973968E-02 
  8.600000E-01   6.058090E-03  -6.973736E-02  -8.015744E-03   4.760820E-02  -1.031142E-01   8.948530E-02 
  8.650000E-01   6.367121E-03  -6.970983E-02  -8.221279E-03   4.570245E-02  -1.027236E-01   8.916152E-02 
  8.700000E-01   6.675904E-03  -6.968093E-02  -8.462595E-03   4.382712E-02  -1.022429E-01   8.876945E-02 
  8.750000E-01   6.984433E-03  -6.965068E-02  -8.737784E-03   4.198266E-02  -1.016735E-01   8.831025E-02 
  8.800000E-01   7.292702E-03  -6.961908E-02  -9.044897E-03   4.016952E-02  -1.010174E-01   8.778515E-02 
  8.850000E-01   7.600705E-03  -6.958613E-02  -9.381953E-03   3.838816E-02  -1.002763E-01   8.719537E-02 
  8.900000E-01   7.908434E-03  -6.955183E-02  -9.746946E-03   3.663903E-02  -9.945205E-02   8.654221E-02 
  8.950000E-01   8.215882E-03  -6.951618E-02  -1.013785E-02   3.492261E-02  -9.854659E-02   8.582699E-02 
  9.000000E-01   8.523040E-03  -6.947919E-02  -1.055263E-02   3.323934E-02  -9.756183E-02   8.505105E-02 
  9.050000E-01   8.829898E-03  -6.944086E-02  -1.098923E-02   3.158970E-02  -9.649977E-02   8.421580E-02 
  9.100000E-01   9.136447E-03  -6.940119E-02  -1.144560E-02   2.997413E-02  -9.536242E-02   8.332264E-02 
  9.150000E-01   9.442676E-03  -6.936019E-02  -1.191971E-02   2.839311E-02  -9.415184E-02   8.237303E-02 
  9.200000E-01   9.748576E-03  -6.931786E-02  -1.240950E-02   2.684707E-02  -9.287010E-02   8.136844E-02 
  9.250000E-01   1.005413E-02  -6.927420E-02  -1.291295E-02   2.533648E-02  -9.151933E-02   8.031039E-02 
  9.300000E-01   1.035934E-02  -6.922921E-02  -1.342806E-02   2.386178E-02  -9.010165E-02   7.920040E-02 
  9.350000E-01   1.066418E-02  -6.918291E-02  -1.395284E-02   2.242340E-02  -8.861924E-02   7.804003E-02 
  9.400000E-01   1.096865E-02  -6.913529E-02  -1.448535E-02   2.102178E-02  -8.707428E-02   7.683085E-02 
  9.450000E-01   1.127273E-02  -6.908636E-02  -1.502365E-02   1.965733E-02  -8.546895E-02   7.557446E-02 
  9.500000E-01   1.157641E-02  -6.903613E-02  -1.556588E-02   1.833048E-02  -8.380549E-02   7.427247E-02 
  9.550000E-01   1.187968E-02  -6.898459E-02  -1.611019E-02   1.704163E-02  -8.208611E-02   7.292653E-02 
  9.600000E-01   1.218252E-02  -6.893175E-02  -1.665478E-02   1.579116E-02  -8.031304E-02   7.153827E-02 
  9.650000E-01   1.248492E-02  -6.887762E-02  -1.719791E-02   1.457946E-02  -7.848854E-02   7.010937E-02 
  9.700000E-01   1.278688E-02  -6.882220E-02  -1.773788E-02   1.340689E-02  -7.661484E-02   6.864148E-02 
  9.750000E-01   1.308838E-02  -6.876550E-02  -1.827307E-02   1.227380E-02  -7.469419E-02   6.713631E-02 
  9.800000E-01   1.338940E-02  -6.870753E-02  -1.880189E-02   1.118053E-02  -7.272883E-02   6.559555E-02 
  9.850000E-01   1.368993E-02  -6.864828E-02  -1.932283E-02   1.012739E-02  -7.072102E-02   6.402089E-02 
  9.900000E-01   1.398997E-02  -6.858776E-02  -1.983444E-02   9.114697E-03  -6.867298E-02   6.241405E-02 
  9.950000E-01   1.428950E-02  -6.852598E-02  -2.033533E-02   8.142726E-03  -6.658695E-02   6.077673E-02 
  1.000000E+00   1.458851E-02  -6.846295E-02  -2.082420E-02   7.211746E-03  -6.446514E-02   5.911066E-02 
  1.005000E+00   1.488699E-02  -6.839867E-02  -2.129978E-02   6.322002E-03  -6.230976E-02   5.741756E-02 
  1.010000E+00   1.518492E-02  -6.833314E-02  -2.176092E-02   5.473720E-03  -6.012300E-02   5.569913E-02 
  1.015000E+00   1.548230E-02  -6.826638E-02  -2.220651E-02   4.667105E-03  -5.790705E-02   5.395709E-02 
  1.020000E+00   1.577912E-02  -6.819838E-02  -2.263553E-02   3.902341E-03  -5.566406E-02   5.219316E-02 
  1.025000E+00   1.607537E-02  -6.812916E-02  -2.304701E-02   3.179589E-03  -5.339617E-02   5.040905E-02 
  1.030000E+00   1.637103E-02  -6.805872E-02  -2.344010E-02   2.498986E-03  -5.110550E-02   4.860645E-02 
  1.035000E+00   1.666611E-02  -6.798706E-02  -2.381397E-02   1.860649E-03  -4.879415E-02   4.678705E-02 
  1.040000E+00   1.696058E-02  -6.791420E-02  -2.416791E-02   1.264667E-03  -4.646420E-02   4.495256E-02 
  1.045000E+00   1.725445E-02  -6.784014E-02  -2.450127E-02   7.111078E-04  -4.411769E-02   4.310463E-02 
  1.050000E+00   1.754770E-02  -6.776488E-02  -2.481346E-02   2.000126E-04  -4.175664E-02   4.124493E-02 
  1.055000E+00   1.784033E-02  -6.768842E-02  -2.510398E-02  -2.686016E-04  -3.938306E-02   3.937512E-02 
  1.060000E+00   1.813233E-02  -6.761079E-02  -2.537239E-02  -6.947437E-04  -3.699891E-02   3.749682E-02 
  1.065000E+00   1.842369E-02  -6.753197E-02  -2.561834E-02  -1.078448E-03  -3.460612E-02   3.561167E-02 
  1.070000E+00   1.871442E-02  -6.745199E-02  -2.584153E-02  -1.419775E-03  -3.220661E-02   3.372127E-02 
  1.075000E+00   1.900450E-02  -6.737083E-02  -2.604173E-02  -1.718811E-03  -2.980226E-02   3.182720E-02 
  1.080000E+00   1.929393E-02  -6.728852E-02  -2.621879E-02  -1.975669E-03  -2.739490E-02   2.993103E-02 
  1.085000E+00   1.958271E-02  -6.720504E-02  -2.637261E-02  -2.190487E-03  -2.498635E-02   2.803431E-02 
  1.090000E+00   1.987083E-02  -6.712042E-02  -2.650316E-02  -2.363432E-03  -2.257839E-02   2.613857E-02 
  1.095000E+00   2.015829E-02  -6.703464E-02  -2.661046E-02  -2.494694E-03  -2.017277E-02   2.424532E-02 
  1.100000E+00   2.044509E-02  -6.694773E-02  -2.669461E-02  -2.584491E-03  -1.777120E-02   2.235603E-02 
  1.105000E+00   2.073122E-02  -6.685968E-02  -2.675574E-02  -2.633068E-03  -1.537536E-02   2.047217E-02 
  1.110000E+00   2.101669E-02  -6.677049E-02  -2.679404E-02  -2.640694E-03  -1.298688E-02   1.859517E-02 
  1.115000E+00   2.130149E-02  -6.668018E-02  -2.680975E-02  -2.607665E-03  -1.060738E-02   1.672644E-02 
  1.120000E+00   2.158563E-02  -6.658874E-02  -2.680318E-02  -2.534302E-03  -8.238430E-03   1.486736E-02 
  1.125000E+00   2.186910E-02  -6.649618E-02  -2.677464E-02  -2.420952E-03  -5.881565E-03   1.301928E-02 
  1.130000E+00   2.215191E-02  -6.640251E-02  -2.672452E-02  -2.267985E-03  -3.538286E-03   1.118353E-02 
  1.135000E+00   2.243405E-02  -6.630772E-02  -2.665324E-02  -2.075797E-03  -1.210057E-03   9.361406E-03 
  1.140000E+00   2.271553E-02  -6.621182E-02  -2.656124E-02  -1.844808E-03   1.101695E-03   7.554179E-03 
  1.145000E+00   2.299635E-02  -6.611481E-02  -2.644902E-02  -1.575461E-03   3.395578E-03   5.763084E-03 
  1.150000E+00   2.327652E-02  -6.601669E-02  -2.631707E-02  -1.268223E-03   5.670237E-03   3.989328E-03 
  1.155000E+00   2.355603E-02  -6.591747E-02  -2.616596E-02  -9.235817E-04   7.924355E-03   2.234087E-03 
  1.160000E+00   2.383489E-02  -6.581716E-02  -2.599624E-02  -5.420484E-04   1.015665E-02   4.985026E-04 
  1.165000E+00   2.411311E-02  -6.571574E-02  -2.580851E-02  -1.241551E-04   1.236588E-02  -1.216313E-03 
  1.170000E+00   2.439068E-02  -6.561322E-02  -2.560338E-02   3.295457E-04   1.455083E-02  -2.909281E-03 
  1.175000E+00   2.466762E-02  -6.550961E-02  -2.538147E-02   8.184814E-04   1.671034E-02  -4.579358E-03 
  1.180000E+00   2.494392E-02  -6.540490E-02  -2.514342E-02   1.342060E-03   1.884328E-02  -6.225532E-03 
  1.185000E+00   2.521960E-02  -6.529909E-02  -2.488988E-02   1.899672E-03   2.094853E-02  -7.846826E-03 
  1.190000E+00   2.549466E-02  -6.519219E-02  -2.462153E-02   2.490689E-03   2.302506E-02  -9.442296E-03 
  1.195000E+00   2.576911E-02  -6.508420E-02  -2.433901E-02   3.114466E-03   2.507183E-02  -1.101104E-02 
  1.200000E+00   2.604295E-02  -6.497511E-02  -2.404301E-02   3.770343E-03   2.708786E-02  -1.255217E-02 
  1.205000E+00   2.631620E-02  -6.486492E-02  -2.373421E-02   4.457643E-03   2.907220E-02  -1.406486E-02 
  1.210000E+00   2.658885E-02  -6.475364E-02  -2.341326E-02   5.175677E-03   3.102394E-02  -1.554831E-02 
  1.215000E+00   2.686091E-02  -6.464125E-02  -2.308086E-02   5.923741E-03   3.294221E-02  -1.700174E-02 
  1.220000E+00   2.713240E-02  -6.452777E-02  -2.273767E-02   6.701120E-03   3.482617E-02  -1.842442E-02 
  1.225000E+00   2.740332E-02  -6.441318E-02  -2.238435E-02   7.507086E-03   3.667503E-02  -1.981566E-02 
  1.230000E+00   2.767368E-02  -6.429749E-02  -2.202156E-02   8.340901E-03   3.848802E-02  -2.117479E-02 
  1.235000E+00   2.794349E-02  -6.418069E-02  -2.164995E-02   9.201818E-03   4.026442E-02  -2.250119E-02 
  1.240000E+00   2.821275E-02  -6.406279E-02  -2.127016E-02   1.008908E-02   4.200354E-02  -2.379427E-02 
  1.245000E+00   2.848148E-02  -6.394377E-02  -2.088281E-02   1.100193E-02   4.370473E-02  -2.505347E-02 
  1.250000E+00   2.874969E-02  -6.382363E-02  -2.048852E-02   1.193959E-02   4.536739E-02  -2.627828E-02 
  1.255000E+00   2.901738E-02  -6.370237E-02  -2.008789E-02   1.290129E-02   4.699093E-02  -2.746820E-02 
  1.260000E+00   2.928456E-02  -6.357999E-02  -1.968151E-02   1.388624E-02   4.857483E-02  -2.862280E-02 
  1.265000E+00   2.955125E-02  -6.345647E-02  -1.926994E-02   1.489368E-02   5.011857E-02  -2.974165E-02 
  1.270000E+00   2.981744E-02  -6.333182E-02  -1.885374E-02   1.592280E-02   5.162171E-02  -3.082438E-02 
  1.275000E+00   3.008317E-02  -6.320604E-02  -1.843345E-02   1.697283E-02   5.308382E-02  -3.187064E-02 
  1.280000E+00   3.034842E-02  -6.307911E-02  -1.800959E-02   1.804297E-02   5.450451E-02  -3.288013E-02 
  1.285000E+00   3.061321E-02  -6.295102E-02  -1.758265E-02   1.913245E-02   5.588343E-02  -3.385256E-02 
  1.290000E+00   3.087756E-02  -6.282178E-02  -1.715313E-02   2.024047E-02   5.722028E-02  -3.478770E-02 
  1.295000E+00   3.114147E-02  -6.269138E-02  -1.672148E-02   2.136625E-02   5.851477E-02  -3.568533E-02 
  1.300000E+00   3.140495E-02  -6.255980E-02  -1.628814E-02   2.250903E-02   5.976667E-02  -3.654529E-02 
  1.305000E+00   3.166802E-02  -6.242705E-02  -1.585355E-02   2.366802E-02   6.097579E-02  -3.736742E-02 
  1.310000E+00   3.193067E-02  -6.229311E-02  -1.541811E-02   2.484246E-02   6.214196E-02  -3.815163E-02 
  1.315000E+00   3.219293E-02  -6.215799E-02  -1.498221E-02   2.603159E-02   6.326506E-02  -3.889782E-02 
  1.320000E+00   3.245480E-02  -6.202166E-02  -1.454621E-02   2.723465E-02   6.434500E-02  -3.960597E-02 
  1.325000E+00   3.271630E-02  -6.188412E-02  -1.411047E-02   2.845091E-02   6.538173E-02  -4.027605E-02 
  1.330000E+00   3.297743E-02  -6.174536E-02  -1.367532E-02   2.967962E-02   6.637523E-02  -4.090808E-02 
  1.335000E+00   3.323820E-02  -6.160538E-02  -1.324106E-02   3.092007E-02   6.732554E-02  -4.150211E-02 
  1.340000E+00   3.349862E-02  -6.146416E-02  -1.280801E-02   3.217155E-02   6.823271E-02  -4.205821E-02 
  1.345000E+00   3.375871E-02  -6.132169E-02  -1.237642E-02   3.343335E-02   6.909683E-02  -4.257650E-02 
  1.350000E+00   3.401847E-02  -6.117797E-02  -1.194658E-02   3.470479E-02   6.991804E-02  -4.305711E-02 
  1.355000E+00   3.427791E-02  -6.103298E-02  -1.151871E-02   3.598520E-02   7.069651E-02  -4.350020E-02 
  1.360000E+00   3.453705E-02  -6.088672E-02  -1.109306E-02   3.727392E-02   7.143243E-02  -4.390597E-02 
  1.365000E+00   3.479589E-02  -6.073916E-02  -1.066983E-02   3.857031E-02   7.212605E-02  -4.427464E-02 
  1.370000E+00   3.505444E-02  -6.059031E-02  -1.024923E-02   3.987374E-02   7.277764E-02  -4.460646E-02 
  1.375000E+00   3.531272E-02  -6.044015E-02  -9.831453E-03   4.118361E-02   7.338750E-02  -4.490170E-02 
  1.380000E+00   3.557073E-02  -6.028867E-02  -9.416665E-03   4.249932E-02   7.395598E-02  -4.516067E-02 
  1.385000E+00   3.582848E-02  -6.013585E-02  -9.005033E-03   4.382031E-02   7.448346E-02  -4.538368E-02 
  1.390000E+00   3.608598E-02  -5.998168E-02  -8.596710E-03   4.514602E-02   7.497032E-02  -4.557109E-02 
  1.395000E+00   3.634324E-02  -5.982616E-02  -8.191841E-03   4.647592E-02   7.541703E-02  -4.572328E-02 
  1.400000E+00   3.660027E-02  -5.966926E-02  -7.790557E-03   4.780949E-02   7.582405E-02  -4.584064E-02 
  1.405000E+00   3.685708E-02  -5.951097E-02  -7.392986E-03   4.914624E-02   7.619188E-02  -4.592359E-02 
  1.410000E+00   3.711368E-02  -5.935128E-02  -6.999245E-03   5.048571E-02   7.652106E-02  -4.597258E-02 
  1.415000E+00   3.737008E-02  -5.919018E-02  -6.609446E-03   5.182744E-02   7.681216E-02  -4.598808E-02 
  1.420000E+00   3.762628E-02  -5.902764E-02  -6.223697E-03   5.317100E-02   7.706576E-02  -4.597057E-02 
  1.425000E+00   3.788230E-02  -5.886366E-02  -5.842097E-03   5.451599E-02   7.728249E-02  -4.592056E-02 
  1.430000E+00   3.813815E-02  -5.869823E-02  -5.464747E-03   5.586203E-02   7.746300E-02  -4.583858E-02 
  1.435000E+00   3.839382E-02  -5.853131E-02  -5.091741E-03   5.720875E-02   7.760798E-02  -4.572517E-02 
  1.440000E+00   3.864934E-02  -5.836290E-02  -4.723173E-03   5.855583E-02   7.771813E-02  -4.558090E-02 
  1.445000E+00   3.890471E-02  -5.819299E-02  -4.359136E-03   5.990295E-02   7.779418E-02  -4.540636E-02 
  1.450000E+00   3.915994E-02  -5.802154E-02  -3.999723E-03   6.124982E-02   7.783689E-02  -4.520213E-02 
  1.455000E+00   3.941503E-02  -5.784856E-02  -3.645026E-03   6.259617E-02   7.784705E-02  -4.496885E-02 
  1.460000E+00   3.966999E-02  -5.767401E-02  -3.295142E-03   6.394178E-02   7.782546E-02  -4.470714E-02 
  1.465000E+00   3.992484E-02  -5.749789E-02  -2.950168E-03   6.528641E-02   7.777295E-02  -4.441765E-02 
  1.470000E+00   4.017958E-02  -5.732017E-02  -2.610205E-03   6.662988E-02   7.769038E-02  -4.410105E-02 
  1.475000E+00   4.043421E-02  -5.714083E-02  -2.275360E-03   6.797202E-02   7.757862E-02  -4.375801E-02 
  1.480000E+00   4.068875E-02  -5.695986E-02  -1.945741E-03   6.931270E-02   7.743857E-02  -4.338921E-02 
  1.485000E+00   4.094321E-02  -5.677723E-02  -1.621466E-03   7.065178E-02   7.727114E-02  -4.299538E-02 
  1.490000E+00   4.119758E-02  -5.659293E-02  -1.302657E-03   7.198918E-02   7.707726E-02  -4.257721E-02 
  1.495000E+00   4.145188E-02  -5.640693E-02  -9.894439E-04   7.332483E-02   7.685789E-02  -4.213543E-02 
  1.500000E+00   4.170611E-02  -5.621921E-02  -6.819637E-04   7.465868E-02   7.661399E-02  -4.167078E-02 
  1.505000E+00   4.196029E-02  -5.602976E-02  -3.803626E-04   7.599072E-02   7.634656E-02  -4.118401E-02 
  1.510000E+00   4.221441E-02  -5.583855E-02  -8.479561E-05   7.732095E-02   7.605659E-02  -4.067587E-02 
  1.515000E+00   4.246848E-02  -5.564556E-02   2.045727E-04   7.864939E-02   7.574510E-02  -4.014712E-02 
  1.520000E+00   4.272252E-02  -5.545076E-02   4.875674E-04   7.997609E-02   7.541311E-02  -3.959854E-02 
  1.525000E+00   4.297652E-02  -5.525413E-02   7.640032E-04   8.130115E-02   7.506168E-02  -3.903090E-02 
  1.530000E+00   4.323049E-02  -5.505565E-02   1.033684E-03   8.262464E-02   7.469184E-02  -3.844498E-02 
  1.535000E+00   4.348444E-02  -5.485530E-02   1.296400E-03   8.394670E-02   7.430468E-02  -3.784159E-02 
  1.540000E+00   4.373837E-02  -5.465304E-02   1.551933E-03   8.526748E-02   7.390125E-02  -3.722150E-02 
  1.545000E+00   4.399229E-02  -5.444886E-02   1.800050E-03   8.658714E-02   7.348266E-02  -3.658553E-02 
  1.550000E+00   4.424621E-02  -5.424273E-02   2.040506E-03   8.790588E-02   7.304997E-02  -3.593448E-02 
  1.555000E+00   4.450012E-02  -5.403461E-02   2.273042E-03   8.922391E-02   7.260431E-02  -3.526915E-02 
  1.560000E+00   4.475404E-02  -5.382449E-02   2.497388E-03   9.054148E-02   7.214677E-02  -3.459034E-02 
  1.565000E+00   4.500796E-02  -5.361234E-02   2.713258E-03   9.185885E-02   7.167846E-02  -3.389888E-02 
  1.570000E+00   4.526190E-02  -5.339813E-02   2.920355E-03   9.317629E-02   7.120050E-02  -3.319558E-02 
  1.575000E+00   4.551585E-02  -5.318183E-02   3.118365E-03   9.449413E-02   7.071401E-02  -3.248124E-02 
  1.580000E+00   4.576982E-02  -5.296341E-02   3.306963E-03   9.581270E-02   7.022012E-02  -3.175668E-02 
  1.585000E+00   4.602382E-02  -5.274285E-02   3.485808E-03   9.713233E-02   6.971995E-02  -3.102271E-02 
  1.590000E+00   4.627784E-02  -5.252010E-02   3.654545E-03   9.845342E-02   6.921463E-02  -3.028014E-02 
  1.595000E+00   4.653189E-02  -5.229515E-02   3.812806E-03   9.977635E-02   6.870529E-02  -2.952978E-02 
  1.600000E+00   4.678598E-02  -5.206796E-02   3.960206E-03   1.011016E-01   6.819305E-02  -2.877244E-02 
  1.605000E+00   4.704010E-02  -5.183849E-02   4.096348E-03   1.024295E-01   6.767905E-02  -2.800891E-02 
  1.610000E+00   4.729425E-02  -5.160672E-02   4.220820E-03   1.037606E-01   6.716442E-02  -2.724000E-02 
  1.615000E+00   4.754845E-02  -5.137261E-02   4.333194E-03   1.050953E-01   6.665027E-02  -2.646650E-02 
  1.620000E+00   4.780268E-02  -5.113613E-02   4.433029E-03   1.064343E-01   6.613774E-02  -2.568921E-02 
  1.625000E+00   4.805695E-02  -5.089724E-02   4.519870E-03   1.077779E-01   6.562794E-02  -2.490890E-02 
  1.630000E+00   4.831127E-02  -5.065591E-02   4.593244E-03   1.091268E-01   6.512200E-02  -2.412636E-02 
  1.635000E+00   4.856562E-02  -5.041210E-02   4.652667E-03   1.104816E-01   6.462102E-02  -2.334235E-02 
  1.640000E+00   4.882002E-02  -5.016578E-02   4.697640E-03   1.118428E-01   6.412612E-02  -2.255766E-02 
  1.645000E+00   4.907446E-02  -4.991690E-02   4.727646E-03   1.132110E-01   6.363839E-02  -2.177302E-02 
  1.650000E+00   4.932894E-02  -4.966544E-02   4.742158E-03   1.145871E-01   6.315894E-02  -2.098920E-02 
  1.655000E+00   4.958346E-02  -4.941134E-02   4.740630E-03   1.159715E-01   6.268886E-02  -2.020694E-02 
  1.660000E+00   4.983801E-02  -4.915458E-02   4.722503E-03   1.173650E-01   6.222924E-02  -1.942696E-02 
  1.665000E+00   5.009260E-02  -4.889510E-02   4.687203E-03   1.187684E-01   6.178116E-02  -1.865001E-02 
  1.670000E+00   5.034722E-02  -4.863288E-02   4.634140E-03   1.201824E-01   6.134568E-02  -1.787678E-02 
  1.675000E+00   5.060187E-02  -4.836786E-02   4.562708E-03   1.216077E-01   6.092388E-02  -1.710799E-02 
  1.680000E+00   5.085655E-02  -4.810001E-02   4.472286E-03   1.230452E-01   6.051682E-02  -1.634434E-02 
  1.685000E+00   5.111125E-02  -4.782928E-02   4.362235E-03   1.244958E-01   6.012554E-02  -1.558650E-02 
  1.690000E+00   5.136596E-02  -4.755563E-02   4.231903E-03   1.259602E-01   5.975110E-02  -1.483515E-02 
  1.695000E+00   5.162068E-02  -4.727901E-02   4.080617E-03   1.274395E-01   5.939452E-02  -1.409095E-02 
  1.700000E+00   5.187541E-02  -4.699938E-02   3.907688E-03   1.289344E-01   5.905684E-02  -1.335455E-02 
  1.705000E+00   5.213014E-02  -4.671669E-02   3.712408E-03   1.304461E-01   5.873909E-02  -1.262659E-02 
  1.710000E+00   5.238486E-02  -4.643088E-02   3.494050E-03   1.319754E-01   5.844227E-02  -1.190771E-02 
  1.715000E+00   5.263956E-02  -4.614192E-02   3.251868E-03   1.335234E-01   5.816738E-02  -1.119850E-02 
  1.720000E+00   5.289423E-02  -4.584976E-02   2.985093E-03   1.350912E-01   5.791544E-02  -1.049957E-02 
  1.725000E+00   5.314887E-02  -4.555433E-02   2.692935E-03   1.366798E-01   5.768743E-02  -9.811518E-03 
  1.730000E+00   5.340347E-02  -4.525560E-02   2.374580E-03   1.382905E-01   5.748434E-02  -9.134908E-03 
  1.735000E+00   5.365802E-02  -4.495350E-02   2.029192E-03   1.399243E-01   5.730715E-02  -8.470304E-03 
  1.740000E+00   5.391250E-02  -4.464799E-02   1.655904E-03   1.415826E-01   5.715683E-02  -7.818255E-03 
  1.745000E+00   5.416690E-02  -4.433900E-02   1.253824E-03   1.432665E-01   5.703434E-02  -7.179294E-03 
  1.750000E+00   5.442121E-02  -4.402650E-02   8.220307E-04   1.449774E-01   5.694064E-02  -6.553943E-03 
  1.755000E+00   5.467541E-02  -4.371040E-02   3.595684E-04   1.467166E-01   5.687670E-02  -5.942708E-03 
  1.760000E+00   5.492950E-02  -4.339067E-02  -1.345512E-04   1.484856E-01   5.684346E-02  -5.346082E-03 
  1.765000E+00   5.518345E-02  -4.306723E-02  -6.613538E-04   1.502857E-01   5.684187E-02  -4.764543E-03 
  1.770000E+00   5.543726E-02  -4.274003E-02  -1.221905E-03   1.521185E-01   5.687287E-02  -4.198555E-03 
  1.775000E+00   5.569089E-02  -4.240901E-02  -1.817311E-03   1.539855E-01   5.693741E-02  -3.648569E-03 
  1.780000E+00   5.594434E-02  -4.207411E-02  -2.448727E-03   1.558883E-01   5.703642E-02  -3.115021E-03 
  1.785000E+00   5.619759E-02  -4.173525E-02  -3.117357E-03   1.578286E-01   5.717084E-02  -2.598333E-03 
  1.790000E+00   5.645061E-02  -4.139237E-02  -3.824455E-03   1.598081E-01   5.734161E-02  -2.098912E-03 
  1.795000E+00   5.670339E-02  -4.104541E-02  -4.571338E-03   1.618286E-01   5.754966E-02  -1.617152E-03 
  1.800000E+00   5.695589E-02  -4.069430E-02  -5.359382E-03   1.638918E-01   5.779593E-02  -1.153433E-03 
  1.805000E+00   5.720811E-02  -4.033897E-02  -6.190031E-03   1.659998E-01   5.808136E-02  -7.081214E-04 
  1.810000E+00   5.746001E-02  -3.997934E-02  -7.064802E-03   1.681544E-01   5.840690E-02  -2.815679E-04 
  1.815000E+00   5.771156E-02  -3.961534E-02  -7.985291E-03   1.703577E-01   5.877349E-02   1.258886E-04 
  1.820000E+00   5.796275E-02  -3.924690E-02  -8.953180E-03   1.726117E-01   5.918208E-02   5.139236E-04 
  1.825000E+00   5.821354E-02  -3.887395E-02  -9.970243E-03   1.749187E-01   5.963363E-02   8.822257E-04 
  1.830000E+00   5.846390E-02  -3.849639E-02  -1.103835E-02   1.772808E-01   6.012910E-02   1.230497E-03 
  1.835000E+00   5.871380E-02  -3.811416E-02  -1.215949E-02   1.797004E-01   6.066947E-02   1.558451E-03 
  1.840000E+00   5.896321E-02  -3.772717E-02  -1.333575E-02   1.821797E-01   6.125572E-02   1.865817E-03 
  1.845000E+00   5.921210E-02  -3.733534E-02  -1.456936E-02   1.847212E-01   6.188884E-02   2.152334E-03 
  1.850000E+00   5.946042E-02  -3.693858E-02  -1.586267E-02   1.873275E-01   6.256983E-02   2.417755E-03 
  1.855000E+00   5.970814E-02  -3.653680E-02  -1.721821E-02   1.900010E-01   6.329970E-02   2.661843E-03 
  1.860000E+00   5.995523E-02  -3.612991E-02  -1.863863E-02   1.927443E-01   6.407948E-02   2.884375E-03 
  1.865000E+00   6.020164E-02  -3.571783E-02  -2.012676E-02   1.955602E-01   6.491022E-02   3.085139E-03 
  1.870000E+00   6.044732E-02  -3.530045E-02  -2.168565E-02   1.984513E-01   6.579296E-02   3.263931E-03 
  1.875000E+00   6.069224E-02  -3.487768E-02  -2.331850E-02   2.014205E-01   6.672878E-02   3.420563E-03 
  1.880000E+00   6.093634E-02  -3.444942E-02  -2.502877E-02   2.044705E-01   6.771876E-02   3.554852E-03 
  1.885000E+00   6.117958E-02  -3.401558E-02  -2.682012E-02   2.076041E-01   6.876400E-02   3.666629E-03 
  1.890000E+00   6.142190E-02  -3.357603E-02  -2.869649E-02   2.108243E-01   6.986561E-02   3.755733E-03 
  1.895000E+00   6.166326E-02  -3.313069E-02  -3.066207E-02   2.141338E-01   7.102474E-02   3.822013E-03 
  1.900000E+00   6.190359E-02  -3.267944E-02  -3.272136E-02   2.175356E-01   7.224251E-02   3.865326E-03 
  1.905000E+00   6.214284E-02  -3.222216E-02  -3.487916E-02   2.210323E-01   7.352011E-02   3.885538E-03 
  1.910000E+00   6.238094E-02  -3.175875E-02  -3.714062E-02   2.246269E-01   7.485869E-02   3.882523E-03 
  1.915000E+00   6.261784E-02  -3.128908E-02  -3.951124E-02   2.283219E-01   7.625944E-02   3.856164E-03 
  1.920000E+00   6.285345E-02  -3.081304E-02  -4.199694E-02   2.321199E-01   7.772354E-02   3.806352E-03 
  1.925000E+00   6.308773E-02  -3.033049E-02  -4.460402E-02   2.360233E-01   7.925220E-02   3.732982E-03 
  1.930000E+00   6.332058E-02  -2.984133E-02  -4.733928E-02   2.400342E-01   8.084660E-02   3.635961E-03 
  1.935000E+00   6.355193E-02  -2.934540E-02  -5.020995E-02   2.441546E-01   8.250793E-02   3.515197E-03 
  1.940000E+00   6.378170E-02  -2.884259E-02  -5.322381E-02   2.483860E-01   8.423736E-02   3.370610E-03 
  1.945000E+00   6.400981E-02  -2.833275E-02  -5.638917E-02   2.527297E-01   8.603604E-02   3.202124E-03 
  1.950000E+00   6.423616E-02  -2.781575E-02  -5.971494E-02   2.571863E-01   8.790509E-02   3.009669E-03 
  1.955000E+00   6.446066E-02  -2.729144E-02  -6.321063E-02   2.617558E-01   8.984558E-02   2.793183E-03 
  1.960000E+00   6.468322E-02  -2.675969E-02  -6.688641E-02   2.664377E-01   9.185854E-02   2.552609E-03 
  1.965000E+00   6.490373E-02  -2.622033E-02  -7.075315E-02   2.712305E-01   9.394489E-02   2.287898E-03 
  1.970000E+00   6.512208E-02  -2.567323E-02  -7.482241E-02   2.761317E-01   9.610549E-02   1.999009E-03 
  1.975000E+00   6.533816E-02  -2.511822E-02  -7.910653E-02   2.811375E-01   9.834105E-02   1.685908E-03 
  1.980000E+00   6.555185E-02  -2.455515E-02  -8.361861E-02   2.862429E-01   1.006521E-01   1.348568E-03 
  1.985000E+00   6.576302E-02  -2.398386E-02  -8.837253E-02   2.914410E-01   1.030392E-01   9.869761E-04 
  1.990000E+00   6.597154E-02  -2.340420E-02  -9.338301E-02   2.967232E-01   1.055023E-01   6.011264E-04 
  1.995000E+00   6.617727E-02  -2.281599E-02  -9.866552E-02   3.020784E-01   1.080414E-01   1.910279E-04 
  2.000000E+00   6.638006E-02  -2.221908E-02  -1.042363E-01   3.074929E-01   1.106560E-01  -2.432962E-04 
  2.005000E+00   6.657977E-02  -2.161330E-02  -1.101125E-01   3.129502E-01   1.133455E-01  -7.018053E-04 
  2.010000E+00   6.677622E-02  -2.099848E-02  -1.163117E-01   3.184300E-01   1.161085E-01  -1.184439E-03 
  2.015000E+00   6.696925E-02  -2.037447E-02  -1.228522E-01   3.239081E-01   1.189432E-01  -1.691111E-03 
  2.020000E+00   6.715868E-02  -1.974111E-02  -1.297528E-01   3.293556E-01   1.218473E-01  -2.221711E-03 
  2.025000E+00   6.734432E-02  -1.909823E-02  -1.370324E-01   3.347384E-01   1.248176E-01  -2.776092E-03 
  2.030000E+00   6.752597E-02  -1.844568E-02  -1.447101E-01   3.400165E-01   1.278501E-01  -3.354069E-03 
  2.035000E+00   6.770343E-02  -1.778331E-02  -1.528044E-01   3.451432E-01   1.309400E-01  -3.955412E-03 
  2.040000E+00   6.787646E-02  -1.711098E-02  -1.613334E-01   3.500640E-01   1.340810E-01  -4.579837E-03 
  2.045000E+00   6.804486E-02  -1.642856E-02  -1.703136E-01   3.547165E-01   1.372659E-01  -5.226997E-03 
  2.050000E+00   6.820836E-02  -1.573593E-02  -1.797600E-01   3.590290E-01   1.404858E-01  -5.896471E-03 
  2.055000E+00   6.836673E-02  -1.503299E-02  -1.896846E-01   3.629198E-01   1.437302E-01  -6.587755E-03 
  2.060000E+00   6.851969E-02  -1.431964E-02  -2.000959E-01   3.662969E-01   1.469867E-01  -7.300244E-03 
  2.065000E+00   6.866698E-02  -1.359582E-02  -2.109975E-01   3.690568E-01   1.502406E-01  -8.033219E-03 
  2.070000E+00   6.880830E-02  -1.286148E-02  -2.223872E-01   3.710851E-01   1.534753E-01  -8.785833E-03 
  2.075000E+00   6.894336E-02  -1.211662E-02  -2.342548E-01   3.722559E-01   1.566712E-01  -9.557088E-03 
  2.080000E+00   6.907186E-02  -1.136125E-02  -2.465812E-01   3.724325E-01   1.598061E-01  -1.034581E-02 
  2.085000E+00   6.919348E-02  -1.059542E-02  -2.593359E-01   3.714692E-01   1.628548E-01  -1.115065E-02 
  2.090000E+00   6.930788E-02  -9.819239E-03  -2.724757E-01   3.692129E-01   1.657890E-01  -1.197003E-02 
  2.095000E+00   6.941475E-02  -9.032854E-03  -2.859418E-01   3.655063E-01   1.685771E-01  -1.280214E-02 
  2.100000E+00   6.951374E-02  -8.236467E-03  -2.996591E-01   3.601926E-01   1.711843E-01  -1.364490E-02 
  2.105000E+00   6.960453E-02  -7.430338E-03  -3.135335E-01   3.531211E-01   1.735727E-01  -1.449596E-02 
  2.110000E+00   6.968676E-02  -6.614794E-03  -3.274515E-01   3.441542E-01   1.757016E-01  -1.535265E-02 
  2.115000E+00   6.976011E-02  -5.790228E-03  -3.412797E-01   3.331762E-01   1.775278E-01  -1.621199E-02 
  2.120000E+00   6.982426E-02  -4.957110E-03  -3.548651E-01   3.201031E-01   1.790064E-01  -1.707064E-02 
  2.125000E+00   6.987889E-02  -4.115980E-03  -3.680376E-01   3.048926E-01   1.800916E-01  -1.792494E-02 
  2.130000E+00   6.992370E-02  -3.267457E-03  -3.806132E-01   2.875550E-01   1.807379E-01  -1.877088E-02 
  2.135000E+00   6.995842E-02  -2.412235E-03  -3.923992E-01   2.681623E-01   1.809013E-01  -1.960411E-02 
  2.140000E+00   6.998281E-02  -1.551077E-03  -4.032014E-01   2.468554E-01   1.805410E-01  -2.041999E-02 
  2.145000E+00   6.999665E-02  -6.848141E-04  -4.128325E-01   2.238483E-01   1.796208E-01  -2.121360E-02 
  2.150000E+00   6.999975E-02   1.856675E-04  -4.211211E-01   1.994266E-01   1.781111E-01  -2.197981E-02 
  2.155000E+00   6.999198E-02   1.059435E-03  -4.279222E-01   1.739414E-01   1.759899E-01  -2.271335E-02 
  2.160000E+00   6.997324E-02   1.935523E-03  -4.331257E-01   1.477964E-01   1.732448E-01  -2.340885E-02 
  2.165000E+00   6.994346E-02   2.812950E-03  -4.366638E-01   1.214306E-01   1.698737E-01  -2.406097E-02 
  2.170000E+00   6.990264E-02   3.690733E-03  -4.385164E-01   9.529536E-02   1.658849E-01  -2.466447E-02 
  2.175000E+00   6.985080E-02   4.567906E-03  -4.387122E-01   6.983056E-02   1.612976E-01  -2.521430E-02 
  2.180000E+00   6.978802E-02   5.443533E-03  -4.373266E-01   4.544023E-02   1.561411E-01  -2.570571E-02 
  2.185000E+00   6.971441E-02   6.316728E-03  -4.344765E-01   2.247157E-02   1.504534E-01  -2.613429E-02 
  2.190000E+00   6.963011E-02   7.186663E-03  -4.303119E-01   1.198885E-03   1.442799E-01  -2.649611E-02 
  2.195000E+00   6.953529E-02   8.052579E-03  -4.250056E-01  -1.818568E-02   1.376714E-01  -2.678769E-02 
  2.200000E+00   6.943014E-02   8.913793E-03  -4.187426E-01  -3.557445E-02   1.306821E-01  -2.700608E-02 
  2.205000E+00   6.931488E-02   9.769703E-03  -4.117097E-01  -5.093989E-02   1.233675E-01  -2.714891E-02 
  2.210000E+00   6.918974E-02   1.061979E-02  -4.040868E-01  -6.432498E-02   1.157827E-01  -2.721431E-02 
  2.215000E+00   6.905495E-02   1.146360E-02  -3.960397E-01  -7.583013E-02   1.079810E-01  -2.720098E-02 
  2.220000E+00   6.891075E-02   1.230076E-02  -3.877154E-01  -8.559840E-02   1.000125E-01  -2.710811E-02 
  2.225000E+00   6.875738E-02   1.313099E-02  -3.792395E-01  -9.380077E-02   9.192326E-02  -2.693538E-02 
  2.230000E+00   6.859508E-02   1.395402E-02  -3.707158E-01  -1.006227E-01   8.375485E-02  -2.668289E-02 
  2.235000E+00   6.842409E-02   1.476969E-02  -3.622266E-01  -1.062531E-01   7.554419E-02  -2.635114E-02 
  2.240000E+00   6.824464E-02   1.557784E-02  -3.538350E-01  -1.108750E-01   6.732349E-02  -2.594101E-02 
  2.245000E+00   6.805695E-02   1.637839E-02  -3.455869E-01  -1.146601E-01   5.912048E-02  -2.545365E-02 
  2.250000E+00   6.786124E-02   1.717126E-02  -3.375138E-01  -1.177641E-01   5.095876E-02  -2.489048E-02 
  2.255000E+00   6.765772E-02   1.795643E-02  -3.296356E-01  -1.203251E-01   4.285814E-02  -2.425319E-02 
  2.260000E+00   6.744659E-02   1.873387E-02  -3.219628E-01  -1.224628E-01   3.483514E-02  -2.354361E-02 
  2.265000E+00   6.722804E-02   1.950359E-02  -3.144989E-01  -1.242790E-01   2.690336E-02  -2.276379E-02 
  2.270000E+00   6.700228E-02   2.026561E-02  -3.072419E-01  -1.258590E-01   1.907395E-02  -2.191589E-02 
  2.275000E+00   6.676947E-02   2.101996E-02  -3.001864E-01  -1.272729E-01   1.135594E-02  -2.100219E-02 
  2.280000E+00   6.652978E-02   2.176667E-02  -2.933242E-01  -1.285775E-01   3.756601E-03  -2.002507E-02 
  2.285000E+00   6.628340E-02   2.250578E-02  -2.866457E-01  -1.298181E-01  -3.718242E-03  -1.898700E-02 
  2.290000E+00   6.603049E-02   2.323735E-02  -2.801404E-01  -1.310302E-01  -1.106398E-02  -1.789049E-02 
  2.295000E+00   6.577119E-02   2.396143E-02  -2.737976E-01  -1.322412E-01  -1.827696E-02  -1.673814E-02 
  2.300000E+00   6.550568E-02   2.467805E-02  -2.676064E-01  -1.334715E-01  -2.535437E-02  -1.553256E-02 
  2.305000E+00   6.523408E-02   2.538729E-02  -2.615565E-01  -1.347361E-01  -3.229401E-02  -1.427641E-02 
  2.310000E+00   6.495656E-02   2.608917E-02  -2.556380E-01  -1.360455E-01  -3.909421E-02  -1.297236E-02 
  2.315000E+00   6.467325E-02   2.678377E-02  -2.498415E-01  -1.374064E-01  -4.575373E-02  -1.162311E-02 
  2.320000E+00   6.438429E-02   2.747112E-02  -2.441584E-01  -1.388227E-01  -5.227164E-02  -1.023137E-02 
  2.325000E+00   6.408982E-02   2.815128E-02  -2.385808E-01  -1.402960E-01  -5.864731E-02  -8.799849E-03 
  2.330000E+00   6.378997E-02   2.882430E-02  -2.331015E-01  -1.418262E-01  -6.488031E-02  -7.331266E-03 
  2.335000E+00   6.348486E-02   2.949021E-02  -2.277138E-01  -1.434116E-01  -7.097038E-02  -5.828330E-03 
  2.340000E+00   6.317463E-02   3.014907E-02  -2.224118E-01  -1.450498E-01  -7.691739E-02  -4.293745E-03 
  2.345000E+00   6.285940E-02   3.080091E-02  -2.171903E-01  -1.467373E-01  -8.272135E-02  -2.730204E-03 
  2.350000E+00   6.253929E-02   3.144579E-02  -2.120445E-01  -1.484702E-01  -8.838233E-02  -1.140386E-03 
  2.355000E+00   6.221442E-02   3.208374E-02  -2.069703E-01  -1.502442E-01  -9.390049E-02   4.730491E-04 
  2.360000E+00   6.188491E-02   3.271479E-02  -2.019639E-01  -1.520544E-01  -9.927605E-02   2.107459E-03 
  2.365000E+00   6.155088E-02   3.333900E-02  -1.970223E-01  -1.538963E-01  -1.045093E-01   3.760227E-03 
  2.370000E+00   6.121245E-02   3.395639E-02  -1.921427E-01  -1.557649E-01  -1.096005E-01   5.428760E-03 
  2.375000E+00   6.086971E-02   3.456701E-02  -1.873227E-01  -1.576554E-01  -1.145500E-01   7.110495E-03 
  2.380000E+00   6.052280E-02   3.517088E-02  -1.825603E-01  -1.595627E-01  -1.193583E-01   8.802898E-03 
  2.385000E+00   6.017181E-02   3.576804E-02  -1.778540E-01  -1.614823E-01  -1.240257E-01   1.050347E-02 
  2.390000E+00   5.981686E-02   3.635853E-02  -1.732024E-01  -1.634094E-01  -1.285527E-01   1.220974E-02 
  2.395000E+00   5.945806E-02   3.694238E-02  -1.686045E-01  -1.653394E-01  -1.329397E-01   1.391928E-02 
  2.400000E+00   5.909550E-02   3.751962E-02  -1.640595E-01  -1.672680E-01  -1.371872E-01   1.562971E-02 
  2.405000E+00   5.872930E-02   3.809028E-02  -1.595669E-01  -1.691909E-01  -1.412959E-01   1.733866E-02 
  2.410000E+00   5.835955E-02   3.865441E-02  -1.551265E-01  -1.711040E-01  -1.452661E-01   1.904385E-02 
  2.415000E+00   5.798636E-02   3.921202E-02  -1.507382E-01  -1.730035E-01  -1.490985E-01   2.074299E-02 
  2.420000E+00   5.760982E-02   3.976315E-02  -1.464020E-01  -1.748856E-01  -1.527938E-01   2.243387E-02 
  2.425000E+00   5.723005E-02   4.030784E-02  -1.421182E-01  -1.767468E-01  -1.563524E-01   2.411433E-02 
  2.430000E+00   5.684713E-02   4.084611E-02  -1.378873E-01  -1.785838E-01  -1.597751E-01   2.578224E-02 
  2.435000E+00   5.646115E-02   4.137799E-02  -1.337097E-01  -1.803934E-01  -1.630625E-01   2.743552E-02 
  2.440000E+00   5.607223E-02   4.190353E-02  -1.295862E-01  -1.821726E-01  -1.662154E-01   2.907216E-02 
  2.445000E+00   5.568044E-02   4.242274E-02  -1.255174E-01  -1.839187E-01  -1.692345E-01   3.069019E-02 
  2.450000E+00   5.528588E-02   4.293567E-02  -1.215043E-01  -1.856291E-01  -1.721206E-01   3.228769E-02 
  2.455000E+00   5.488864E-02   4.344234E-02  -1.175477E-01  -1.873013E-01  -1.748744E-01   3.386281E-02 
  2.460000E+00   5.448882E-02   4.394279E-02  -1.136487E-01  -1.889331E-01  -1.774967E-01   3.541374E-02 
  2.465000E+00   5.408649E-02   4.443706E-02  -1.098082E-01  -1.905225E-01  -1.799885E-01   3.693872E-02 
  2.470000E+00   5.368174E-02   4.492517E-02  -1.060273E-01  -1.920675E-01  -1.823506E-01   3.843608E-02 
  2.475000E+00   5.327467E-02   4.540716E-02  -1.023072E-01  -1.935665E-01  -1.845840E-01   3.990418E-02 
  2.480000E+00   5.286534E-02   4.588306E-02  -9.864882E-02  -1.950179E-01  -1.866895E-01   4.134144E-02 
  2.485000E+00   5.245385E-02   4.635292E-02  -9.505339E-02  -1.964203E-01  -1.886683E-01   4.274635E-02 
  2.490000E+00   5.204028E-02   4.681676E-02  -9.152200E-02  -1.977724E-01  -1.905212E-01   4.411745E-02 
  2.495000E+00   5.162470E-02   4.727463E-02  -8.805571E-02  -1.990732E-01  -1.922495E-01   4.545336E-02 
  2.500000E+00   5.120719E-02   4.772655E-02  -8.465561E-02  -2.003216E-01  -1.938541E-01   4.675274E-02 
